
data[1] = 
{-0.02863,-0.02528,0.002812,-0.106867,0.012087,-0.097517,-0.142718,-0.039718,0.285255,0.008491,-0.031776,
-0.000196,-0.053718,-0.043017,-0.076067,-0.062406,-0.06048,-0.088889,0.008126,0.108139,0.033927,0.049482,
-0.112767,-0.036475,0.032629,-0.043052,0.082115,0.003517,-0.068086,0.061093,0.079859,-0.048629,-0.187506,
-0.078309,-0.17451,0.031439,0.009003,-0.071784,-0.024042,-0.00775,0.061149,0.037664,0.118016,0.074461,
-0.033106,-0.04322,0.138113,0.04322,0.074389,-0.079073,-0.0031,-0.000948,-0.244444,-0.025318,0.035679,
0.003255,-0.354167,0.018783,-0.077503,0.079921,-0.00239,-0.119517,0.002232,0.026152,0.036938,0.024512,
0.095151,0.014817,-0.023081,-0.047875,-0.180395,0.072672,-0.272532,0.076705,-0.06351,-0.034428,-0.020878,0.033814,
-0.023333,0.076096,-0.046048,0.054934,0.016867,0.005236,-0.018182,0.033578,0.059381,-0.013334,0.078212,
0.023366,-0.035041,-0.016322,-0.107716,0.017372,-0.148367,-0.100098,0.038839,-0.061137,-0.035154,0.16376,
-0.149431,0.001013,0.002253,0.146363,-0.002189,0.046997,0.133574,0.017351,-0.280255,0.026866,-0.153413,
-0.073708,0.145668,-0.004223,-0.08734,-0.015868,0.021676,0.077439,0.081257,-0.02187,-0.018575,0.023557,
0.152618,0.035876,0.145596,0.016345,0.080253,0.100742,0.040589,-0.009173,-0.086716,0.009801,-0.006424,
-0.073691,-0.142064,0.014268,0.041118,0.038241,0.156009,-0.053376,0.07066,0.132209,-0.063995,-0.008032,
0.10009,0.098434,-0.052409,-0.075236,-0.050366,0.020781,0.05807,0.120811,0.132296,0.041014,-0.050778,
.04082,-0.417464,-0.037115,0.044827,0.055458,-0.04,0.028599,-0.015472,-0.017594,0.018593,-0.000459,
-0.145739,-0.114194,0.144743,0.109831,-0.319407,0.065873,0.065022,0.02517,-0.406083,0.027561,-0.025368,
0.042982,0.09476,0.030594,0.055279,-0.026019,0.019285,-0.029459,-0.002524,0.0431,0.0578,-0.052204,0.146728,
-0.140529,0.048467,-0.019269}

hash_function_1 = 
{1.704952,0.191044,-0.16683,-2.27747,0.005929,1.673935,0.048613,1.358121,-1.599333,0.559142,-0.371551,-0.824608,-0.460791,-0.145266,-0.98
0412,-0.576469,0.277525,-0.783199,-0.266517,0.15097,0.473384,-0.271802,0.045917,0.91048,0.782291,-0.666921,-0.060826,-0.171992,-0.490867,-2.382
475,-0.618226,-0.642197,-0.122063,-1.901133,1.277551,-0.105783,0.216838,0.061509,-1.442874,0.74916,-0.922064,0.536562,-0.673625,-0.729109,-0.38
9329,2.030596,-0.098132,-0.449305,-0.283977,-0.574192,0.84285,-0.601976,-2.978742,-0.451989,1.289602,0.339563,-0.008666,-0.23677,-1.784601,2.06
0079,1.793065,1.356951,-0.260206,-1.731387,1.099709,0.454709,-0.533123,0.495834,1.188451,0.960553,-1.330137,0.315825,1.557577,-0.822905,-1.1164
42,-0.850518,-1.097959,1.741093,-1.350004,-0.596839,0.061809,0.315285,-0.781018,-0.071744,0.192997,0.419476,0.598828,0.029221,-0.419918,1.42472
5,-0.66084,-0.26813,-0.662749,-0.650639,-0.885503,-0.113903,0.085453,-0.684275,-1.094829,1.266638,-0.161998,-2.034474,1.5516,1.398636,-1.023037
,0.987211,-0.150633,1.064415,-0.125314,-0.524814,-0.997482,-0.475081,-0.512442,-0.168531,-0.292948,-0.079429,-0.353767,0.665777,-0.654876,0.051
915,0.009931,0.698069,1.322426,-0.403767,-0.392116,0.606204,-0.826856,0.958665,-0.510763,-0.197424,0.714373,-1.109707,-0.490675,-1.593166,2.019
664,0.84896,0.629008,0.657457,-0.449479,-0.674606,-0.481908,-0.005052,0.445261,-0.704531,1.119575,-0.424881,0.068034,-0.519189,1.188297,-1.9263
51,0.041704,-0.750814,-0.303821,0.777151,1.92554,0.794431,-0.182465,0.247806,-1.347572,0.624273,0.740171,-1.711428,0.303539,-1.776304,0.084887,
1.583626,-0.17034,0.800755,0.385772,0.745024,-0.656498,-2.065519,1.036202,0.82422,-1.225667,0.421965,0.57847,-1.015421,-1.592199,2.878777,0.595
45,0.233498,-0.433966,-0.876147,-1.250683,-1.125033,-0.67595,-0.90562,0.38419,1.529926,0.349031,2.812273}

hash = 
1.251114